1 0.120605 0.632879 0.170898 0.335605
1 0.297363 0.634583 0.180664 0.219761
1 0.263672 0.821976 0.167969 0.321976
1 0.443848 0.819421 0.147461 0.361158
1 0.435059 0.535775 0.202148 0.223169
1 0.268066 0.434412 0.112305 0.231687
1 0.420410 0.364566 0.122070 0.105622
1 0.478516 0.244463 0.085938 0.182283
1 0.572754 0.256388 0.088867 0.168654
1 0.604492 0.131175 0.058594 0.126065
1 0.781738 0.126065 0.065430 0.143101
1 0.743164 0.057922 0.041016 0.105622
1 0.904785 0.054514 0.071289 0.091993
1 0.910645 0.235094 0.069336 0.170358
1 0.952637 0.128620 0.079102 0.086882
1 0.782227 0.614991 0.107422 0.323680
1 0.616699 0.498296 0.102539 0.281090
1 0.679688 0.350085 0.085938 0.233390
